# t mod arg
0.0 1.0 0.0
0.03157 0.9999984574488103 0.03157529519456378
0.06315 1.000003416094165 0.06315175242010394
0.09472 1.0000027233962916 0.09472132087306318
0.1263 1.0000046415892279 0.1262948900082448
0.15787 0.9999948688368355 0.15786570052371504
0.18944 1.0000003540999374 0.18944100833838956
0.22102 1.0000044353901636 0.22101395587116607
0.25259 1.0000009004995947 0.2525870722385289
0.28416 1.0000048697881425 0.2841677073976747
0.31574 1.0000029976455072 0.3157390463774471
0.34731 0.9999985104988907 0.34731090365325357
0.37889 1.0000041292414747 0.37888897669029453
0.41046 1.0000019522480943 0.4104578838485702
0.44203 0.9999973913965976 0.4420365095285154
0.47361 1.0000013074491454 0.4736072074050577
0.50518 1.0000047344887923 0.5051831365689201
0.53675 0.9999978096976012 0.5367562742754488
0.56833 0.9999963041931705 0.5683260452104648
0.5999 0.9999983228485936 0.5999012234720559
0.63148 1.0000042905907953 0.6314768706365468
0.66305 0.9999990023995023 0.6630463727049309
0.69462 0.99999876704924 0.6946294447143615
0.7262 0.9999955654401673 0.7261997062967627
0.75777 0.9999973334464447 0.7577679122918399
0.78934 0.9999981940983693 0.7893438365998688
0.82092 0.999998867699359 0.8209165737726647
0.85249 0.9999986492490878 0.8524893687064405
0.88407 0.9999962512429734 0.8840655926618382
0.91564 0.9999959104416378 0.915640906522951
0.94721 1.000000303299954 0.9472105284026278
0.97879 0.9999993566497931 0.9787860010226845
1.01036 0.9999941414328386 1.0103632033476373
1.04194 0.9999978634477177 1.041934398173336
1.07351 0.9999986079990312 1.0735118659566691
1.10508 0.9999985667989729 1.1050825865516842
1.13666 0.9999979348978677 1.136655741214962
1.16823 1.0000009859995138 1.1682312903053274
1.1998 1.0000016662486118 1.1998051065365745
1.23138 1.0000018730482458 1.2313772409326624
1.26295 1.0000025000968749 1.2629475580090244
1.29453 1.0000006996497552 1.2945254832916464
1.3261 0.9999986758491233 1.3261014307288836
1.35767 1.0000040722417085 1.357677552577633
1.38925 1.0000041236914976 1.3892514713524575
1.42082 0.9999947304861162 1.4208239824321285
1.45239 1.0000018484482915 1.4523900622081194
1.48397 0.9999972856463161 1.4839670267747018
1.51554 0.9999963468933274 1.51553800761388
1.54712 1.0000004103999158 1.547114122893932
1.57869 1.0000011264993656 -1.5629062538194385
1.61026 0.9999988499993387 -1.531326033725958
1.64184 1.0000022553974566 -1.4997567503165703
1.67341 0.9999997862499771 -1.4681863394996308
1.70498 1.0000002920999573 -1.4366039816563227
1.73656 0.999996482043812 -1.405037726953871
1.76813 0.9999981358482625 -1.373457640730258
1.79971 0.9999966872445128 -1.3418815421944932
1.83128 1.0000048576882012 -1.3103118151378352
1.86285 0.9999957244408598 -1.278740888293472
1.89443 1.0000025040968648 -1.2471673830671792
1.926 1.0000035923935473 -1.2155954062715038
1.95758 1.0000020804978358 -1.184015276086054
1.98915 1.0000022625974403 -1.1524400025124677
2.02072 1.0000011201993726 -1.1208696460561316
2.0523 0.9999992810497416 -1.0892949897456068
2.08387 1.000001338599104 -1.05772050161355
2.11544 1.0000017652484419 -1.0261459512750553
2.14702 1.0000024902468994 -0.9945757986663148
2.17859 1.0000013758490536 -0.9630007551475894
2.21017 0.9999985284989173 -0.9314252358198953
2.24174 1.0000003279999463 -0.8998597853402472
2.27331 1.0000008339996522 -0.8682810186019143
2.30489 0.9999982808485223 -0.8367072163068688
2.33646 1.0000011833992999 -0.8051276991899406
2.36803 1.000003900492393 -0.7735609656155954
2.39961 0.9999993496997884 -0.7419822828503543
2.43118 0.9999935138289648 -0.7104094530019563
2.46276 0.9999983710486733 -0.6788405216344141
2.49433 1.0000050838370773 -0.6472650985456081
2.5259 1.0000028273960029 -0.6156856007460573
2.55748 0.9999988857993793 -0.584114141040503
2.58905 0.9999959692918767 -0.5525413659885225
2.62063 1.000001936998124 -0.5209669416294873
2.6522 1.0000013362491071 -0.4893920328613468
2.68377 1.00000002025 -0.4578159107788841
2.71535 0.9999979209978389 -0.4262517592634584
2.74692 0.9999992372497092 -0.3946772734588332
2.77849 0.9999983844486949 -0.36309653155125265
2.81007 1.000004271290878 -0.33152843096301104
2.84164 0.9999980716981409 -0.2999480429078197
2.87322 0.9999983844486949 -0.26838067401016535
2.90479 0.9999980640481261 -0.23680753117341574
2.93636 0.999995472089749 -0.20522855385371438
2.96794 0.9999995649999053 -0.1736514991925105
2.99951 0.9999960831923294 -0.142078074650157
3.03108 0.9999994441998455 -0.11050482558262098
3.06266 1.0000034972938845 -0.07893165880410968
3.09423 1.0000011649993215 -0.04735764472950315
3.12581 1.0000046692390991 -0.015790582475416287
3.15738 1.0000046692390991 0.015790582475416287
3.18895 1.0000011649993215 0.04735764472950315
3.22053 1.0000034972938845 0.07893165880410968
3.2521 0.9999994441998455 0.11050482558262098
3.28367 0.9999960831923294 0.142078074650157
3.31525 0.9999995649999053 0.1736514991925105
3.34682 0.999995472089749 0.20522855385371438
3.3784 0.9999980640481261 0.23680753117341574
3.40997 0.9999983844486949 0.26838067401016535
3.44154 0.9999980716981409 0.2999480429078197
3.47312 1.000004271290878 0.33152843096301104
3.50469 0.9999983844486949 0.36309653155125265
3.53627 0.9999992372497092 0.3946772734588332
3.56784 0.9999979209978389 0.4262517592634584
3.59941 1.00000002025 0.4578159107788841
3.63099 1.0000013362491071 0.4893920328613468
3.66256 1.000001936998124 0.5209669416294873
3.69413 0.9999959692918767 0.5525413659885225
3.72571 0.9999988857993793 0.584114141040503
3.75728 1.0000028273960029 0.6156856007460573
3.78886 1.0000050838370773 0.6472650985456081
3.82043 0.9999983710486733 0.6788405216344141
3.852 0.9999935138289648 0.7104094530019563
3.88358 0.9999993496997884 0.7419822828503543
3.91515 1.000003900492393 0.7735609656155954
3.94672 1.0000011833992999 0.8051276991899406
3.9783 0.9999982808485223 0.8367072163068688
4.00987 1.0000008339996522 0.8682810186019143
4.04145 1.0000003279999463 0.8998597853402472
4.07302 0.9999985284989173 0.9314252358198953
4.10459 1.0000013758490536 0.9630007551475894
4.13617 1.0000024902468994 0.9945757986663148
4.16774 1.0000017652484419 1.0261459512750553
4.19931 1.000001338599104 1.05772050161355
4.23089 0.9999992810497416 1.0892949897456068
4.26246 1.0000011201993726 1.1208696460561316
4.29404 1.0000022625974403 1.1524400025124677
4.32561 1.0000020804978358 1.184015276086054
4.35718 1.0000035923935473 1.2155954062715038
4.38876 1.0000025040968648 1.2471673830671792
4.42033 0.9999957244408598 1.278740888293472
4.45191 1.0000048576882012 1.3103118151378352
4.48348 0.9999966872445128 1.3418815421944932
4.51505 0.9999981358482625 1.373457640730258
4.54663 0.999996482043812 1.405037726953871
4.5782 1.0000002920999573 1.4366039816563227
4.60977 0.9999997862499771 1.4681863394996308
4.64135 1.0000022553974566 1.4997567503165703
4.67292 0.9999988499993387 1.531326033725958
4.7045 1.0000011264993656 1.5629062538194385
4.73607 1.0000004103999158 -1.547114122893932
4.76764 0.9999963468933274 -1.51553800761388
4.79922 0.9999972856463161 -1.4839670267747018
4.83079 1.0000018484482915 -1.4523900622081194
4.86236 0.9999947304861162 -1.4208239824321285
4.89394 1.0000041236914976 -1.3892514713524575
4.92551 1.0000040722417085 -1.357677552577633
4.95709 0.9999986758491233 -1.3261014307288836
4.98866 1.0000006996497552 -1.2945254832916464
5.02023 1.0000025000968749 -1.2629475580090244
5.05181 1.0000018730482458 -1.2313772409326624
5.08338 1.0000016662486118 -1.1998051065365745
5.11495 1.0000009859995138 -1.1682312903053274
5.14653 0.9999979348978677 -1.136655741214962
5.1781 0.9999985667989729 -1.1050825865516842
5.20968 0.9999986079990312 -1.0735118659566691
5.24125 0.9999978634477177 -1.041934398173336
5.27282 0.9999941414328386 -1.0103632033476373
5.3044 0.9999993566497931 -0.9787860010226845
5.33597 1.000000303299954 -0.9472105284026278
5.36755 0.9999959104416378 -0.915640906522951
5.39912 0.9999962512429734 -0.8840655926618382
5.43069 0.9999986492490878 -0.8524893687064405
5.46227 0.999998867699359 -0.8209165737726647
5.49384 0.9999981940983693 -0.7893438365998688
5.52541 0.9999973334464447 -0.7577679122918399
5.55699 0.9999955654401673 -0.7261997062967627
5.58856 0.99999876704924 -0.6946294447143615
5.62014 0.9999990023995023 -0.6630463727049309
5.65171 1.0000042905907953 -0.6314768706365468
5.68328 0.9999983228485936 -0.5999012234720559
5.71486 0.9999963041931705 -0.5683260452104648
5.74643 0.9999978096976012 -0.5367562742754488
5.778 1.0000047344887923 -0.5051831365689201
5.80958 1.0000013074491454 -0.4736072074050577
5.84115 0.9999973913965976 -0.4420365095285154
5.87273 1.0000019522480943 -0.4104578838485702
5.9043 1.0000041292414747 -0.37888897669029453
5.93587 0.9999985104988907 -0.34731090365325357
5.96745 1.0000029976455072 -0.3157390463774471
5.99902 1.0000048697881425 -0.2841677073976747
6.03059 1.0000009004995947 -0.2525870722385289
6.06217 1.0000044353901636 -0.22101395587116607
6.09374 1.0000003540999374 -0.18944100833838956
6.12532 0.9999948688368355 -0.15786570052371504
6.15689 1.0000046415892279 -0.1262948900082448
6.18846 1.0000027233962916 -0.09472132087306318
6.22004 1.000003416094165 -0.06315175242010394
6.25161 0.9999984574488103 -0.03157529519456378
6.28319 1.0 -0.0
